1978 0630 60
1978 0701 61
1978 0702 62
1978 0703 63
1978 0704 64
1978 0705 65
1978 0706 66
1978 0707 67
1978 0708 68
1978 0709 69
1978 0710 70
1978 0711 71
1978 0712 72
1978 0713 73
1978 0714 74
1978 0715 75
1978 0716 76
1978 0717 77
1978 0718 78
1978 0719 79
1978 0720 80
1978 0721 81
1978 0722 82
1978 0723 83
1978 0724 84
1978 0725 85
1978 0726 86
1978 0727 87
1978 0728 88
1978 0729 89
1978 0730 90
1978 0731 91
1978 0801 92
1978 0802 93
1978 0803 94
1978 0804 95
1978 0805 96
1978 0806 97
1978 0807 98
1978 0808 99
