1988 0704 65
1988 0705 66
1988 0706 67
1988 0707 68
1988 0708 69
1988 0709 70
1988 0710 71
1988 0711 72
1988 0712 73
1988 0713 74
1988 0714 75
1988 0715 76
1988 0716 77
1988 0717 78
1988 0718 79
1988 0719 80
1988 0720 81
1988 0721 82
1988 0722 83
1988 0723 84
1988 0724 85
1988 0725 86
1988 0726 87
1988 0727 88
1988 0728 89
1988 0729 90
1988 0730 91
1988 0731 92
1988 0801 93
1988 0802 94
1988 0803 95
1988 0804 96
1988 0805 97
1988 0806 98
1988 0807 99
1988 0808 100
1988 0809 101
1988 0810 102
1988 0811 103
1988 0812 104
1988 0813 105
1988 0814 106
1988 0815 107
1988 0816 108
1988 0817 109
