1992 0724 85
1992 0725 86
1992 0726 87
1992 0727 88
1992 0728 89
1992 0729 90
1992 0730 91
1992 0731 92
1992 0801 93
1992 0802 94
1992 0803 95
1992 0804 96
1992 0805 97
1992 0806 98
1992 0807 99
1992 0808 100
1992 0809 101
1992 0810 102
1992 0811 103
1992 0812 104
1992 0813 105
1992 0814 106
1992 0815 107
1992 0816 108
1992 0817 109
1992 0818 110
1992 0819 111
1992 0820 112
1992 0821 113
1992 0822 114
1992 0823 115
1992 0824 116
1992 0825 117
1992 0826 118
1992 0827 119
1992 0828 120
1992 0829 121
1992 0830 122
