1961 0615 45
1961 0616 46
1961 0617 47
1961 0618 48
1961 0619 49
1961 0620 50
1961 0621 51
1961 0622 52
1961 0623 53
1961 0624 54
1961 0625 55
1961 0626 56
1961 0627 57
1961 0628 58
1961 0629 59
1961 0630 60
1961 0701 61
1961 0702 62
1961 0703 63
1961 0704 64
1961 0705 65
1961 0706 66
1961 0707 67
1961 0708 68
1961 0709 69
1961 0710 70
1961 0711 71
1961 0712 72
1961 0713 73
1961 0714 74
1961 0715 75
1961 0716 76
1961 0717 77
1961 0718 78
1961 0719 79
1961 0720 80
1961 0721 81
1961 0722 82
1961 0723 83
1961 0724 84
