2005 0630 60
2005 0701 61
2005 0702 62
2005 0703 63
2005 0704 64
2005 0705 65
2005 0706 66
2005 0707 67
2005 0708 68
2005 0709 69
2005 0710 70
2005 0711 71
2005 0712 72
2005 0713 73
2005 0714 74
2005 0715 75
2005 0716 76
2005 0717 77
2005 0718 78
2005 0719 79
2005 0720 80
2005 0721 81
2005 0722 82
2005 0723 83
2005 0724 84
2005 0725 85
2005 0726 86
2005 0727 87
2005 0728 88
2005 0729 89
2005 0730 90
2005 0731 91
2005 0801 92
2005 0802 93
2005 0803 94
2005 0804 95
2005 0805 96
2005 0806 97
2005 0807 98
2005 0808 99
2005 0809 100
2005 0810 101
2005 0811 102
2005 0812 103
2005 0813 104
2005 0814 105
2005 0815 106
2005 0816 107
2005 0817 108
2005 0818 109
