2020 0714 75
2020 0715 76
2020 0716 77
2020 0717 78
2020 0718 79
2020 0719 80
2020 0720 81
2020 0721 82
2020 0722 83
2020 0723 84
2020 0724 85
2020 0725 86
2020 0726 87
2020 0727 88
2020 0728 89
2020 0729 90
2020 0730 91
2020 0731 92
2020 0801 93
2020 0802 94
2020 0803 95
2020 0804 96
2020 0805 97
2020 0806 98
2020 0807 99
2020 0808 100
2020 0809 101
2020 0810 102
2020 0811 103
2020 0812 104
2020 0813 105
2020 0814 106
2020 0815 107
2020 0816 108
2020 0817 109
2020 0818 110
2020 0819 111
2020 0820 112
2020 0821 113
2020 0822 114
2020 0823 115
2020 0824 116
2020 0825 117
2020 0826 118
2020 0827 119
2020 0828 120
2020 0829 121
2020 0830 122
