2003 0630 60
2003 0701 61
2003 0702 62
2003 0703 63
2003 0704 64
2003 0705 65
2003 0706 66
2003 0707 67
2003 0708 68
2003 0709 69
2003 0710 70
2003 0711 71
2003 0712 72
2003 0713 73
2003 0714 74
2003 0715 75
2003 0716 76
2003 0717 77
2003 0718 78
2003 0719 79
2003 0720 80
2003 0721 81
2003 0722 82
2003 0723 83
2003 0724 84
2003 0725 85
2003 0726 86
2003 0727 87
2003 0728 88
2003 0729 89
2003 0730 90
2003 0731 91
2003 0801 92
2003 0802 93
2003 0803 94
2003 0804 95
2003 0805 96
2003 0806 97
2003 0807 98
2003 0808 99
2003 0809 100
2003 0810 101
2003 0811 102
2003 0812 103
2003 0813 104
