1983 0630 60
1983 0701 61
1983 0702 62
1983 0703 63
1983 0704 64
1983 0705 65
1983 0706 66
1983 0707 67
1983 0708 68
1983 0709 69
1983 0710 70
1983 0711 71
1983 0712 72
1983 0713 73
1983 0714 74
1983 0715 75
1983 0716 76
1983 0717 77
1983 0718 78
1983 0719 79
1983 0720 80
1983 0721 81
1983 0722 82
1983 0723 83
1983 0724 84
1983 0725 85
1983 0726 86
1983 0727 87
1983 0728 88
1983 0729 89
1983 0730 90
1983 0731 91
1983 0801 92
1983 0802 93
1983 0803 94
1983 0804 95
1983 0805 96
1983 0806 97
1983 0807 98
1983 0808 99
1983 0809 100
1983 0810 101
1983 0811 102
1983 0812 103
1983 0813 104
1983 0814 105
1983 0815 106
1983 0816 107
1983 0817 108
1983 0818 109
