2007 0620 50
2007 0621 51
2007 0622 52
2007 0623 53
2007 0624 54
2007 0625 55
2007 0626 56
2007 0627 57
2007 0628 58
2007 0629 59
2007 0630 60
2007 0701 61
2007 0702 62
2007 0703 63
2007 0704 64
2007 0705 65
2007 0706 66
2007 0707 67
2007 0708 68
2007 0709 69
2007 0710 70
2007 0711 71
2007 0712 72
2007 0713 73
2007 0714 74
2007 0715 75
2007 0716 76
2007 0717 77
2007 0718 78
2007 0719 79
2007 0720 80
2007 0721 81
2007 0722 82
2007 0723 83
2007 0724 84
2007 0725 85
2007 0726 86
2007 0727 87
2007 0728 88
2007 0729 89
2007 0730 90
2007 0731 91
2007 0801 92
2007 0802 93
2007 0803 94
2007 0804 95
2007 0805 96
2007 0806 97
2007 0807 98
2007 0808 99
2007 0809 100
2007 0810 101
2007 0811 102
2007 0812 103
2007 0813 104
