2011 0725 85
2011 0726 86
2011 0727 87
2011 0728 88
2011 0729 89
2011 0730 90
2011 0731 91
2011 0801 92
2011 0802 93
2011 0803 94
2011 0804 95
2011 0805 96
2011 0806 97
2011 0807 98
2011 0808 99
2011 0809 100
2011 0810 101
2011 0811 102
2011 0812 103
2011 0813 104
2011 0814 105
2011 0815 106
2011 0816 107
2011 0817 108
2011 0818 109
2011 0819 110
2011 0820 111
2011 0821 112
2011 0822 113
2011 0823 114
2011 0824 115
2011 0825 116
2011 0826 117
2011 0827 118
2011 0828 119
2011 0829 120
2011 0830 121
2011 0831 122
