1967 0812 72
1967 0813 73
1967 0814 74
1967 0815 75
1967 0816 76
1967 0817 77
1967 0818 78
1967 0819 79
1967 0820 80
1967 0821 81
1967 0822 82
1967 0823 83
1967 0824 84
1967 0825 85
1967 0826 86
1967 0827 87
1967 0828 88
1967 0829 89
1967 0830 90
1967 0831 91
1967 0901 92
1967 0902 93
1967 0903 94
1967 0904 95
1967 0905 96
1967 0906 97
1967 0907 98
1967 0908 99
1967 0909 100
1967 0910 101
1967 0911 102
1967 0912 103
1967 0913 104
1967 0914 105
1967 0915 106
1967 0916 107
1967 0917 108
1967 0918 109
1967 0919 110
1967 0920 111
1967 0921 112
1967 0922 113
1967 0923 114
1967 0924 115
1967 0925 116
1967 0926 117
1967 0927 118
1967 0928 119
1967 0929 120
1967 0930 121
1967 1001 122
